#bench, -12.782, 4.220, -1.561, 1.29
#hallway table, -12.382, 5.421, 2.445, 1.29
#hanger, -11.528, 3.888, -0.750, 1.29
#umbrella stand, -11.465, 5.294, 0.067, 1.29
#bar, -14.638, 11.524, 3.129, 1.29
#sidetable, -13.955, 11.911, 1.774, 1.29
#kitchen table, -14.563, 10.791, 0.036, 1.29
#kitchen counter,-11.595, 11.985, -0.007, 1.29
#stove, -11.578, 10.173, -0.030, 1.29
#trash bin, -13.427, 12.056, 1.575, 1.29
#cupboard, -12.630, 11.665, 1.567, 1.29
#sink, -11.566, 10.927, 0.045, 1.29
#fridge, -11.948, 9.404, 0.009, 1.29
#bed, -17.520, 11.085, -3.088, 1.29
#dresser, -17.030, 12.295, 1.514, 1.29
#sideboard, -16.764, 11.416, 0.009, 1.29
#bedside table, -19.383, 12.532, 3.091, 1.29
#bookshelf, -14.356, 5.883, 0.017, 1.29
#pantry, -14.955, 7.951, 1.560, 1.29
#cabinet, -15.954, 4.163, -1.614, 1.29
#dinner table, -16.139, 4.506, 1.512, 1.29
#couch table, -18.510, 6.080, 3.114, 1.29
#arm chair, -18.325, 4.414, -2.613, 1.29
#sofa, -19.672, 7.786, -1.958, 1.29
#TV counter, -18.309, 8.101, 2.172, 1.29
#plant, -14.498, 3.976, -0.875, 1.29
#start_pos, -17.343, 3.907, 1.575, 1.29
#kitchen,-15.221, 9.783, 3.103,1.29
#living room,-17.671, 5.001, -1.575 ,1.29

register_pos, 0.0, 0.0, 0.0, 0.0
